3
a: 1 10
b: a 12
c: 5 b

c: 5..12

1 2 3 4 5 6 7 8 9 10
--------------------
1 1 1 1 1 1 1 1 1 1 

1 2 3 4 5 6 7 8 9 10 11 12
  2 3 4 5 6 7 8 9 10 11 12
    3 4 5 6 7 8 9 10 11 12
      4 5 6 7 8 9 10 11 12
        5 6 7 8 9 10 11 12
          6 7 8 9 10 11 12
            7 8 9 10 11 12
              8 9 10 11 12
                9 10 11 12
                  10 11 12
--------------------------                  
1 2 3 4 5 6 7 8 9 10 10 10


5
5 6
5 6 7
5 6 7 8
5 6 7 8 9
5 6 7 8 9 10
5 6 7 8 9 10 11
5 6 7 8 9 10 11 12
------------------
8 7 6 5 4 3  2  1
5 6 7 8 9 10 10 10

40 42 42 40 36 30 20 10 =                    
                  


a: 1:1 2:1 3:1 4:1 5:1 6:1 7:1 8:1 9:1 10:1
b: ... 5: a=[1..5]


a: 1 10
b: a 12
c: 5 a 

c:

5
5  6
5  6  7
5  6  7  8
5  6  7  8  9  
5  6  7  8  9 10

 

b:
 5  6  7  8  9 10 11 12  8 * 1 = 8 
    6  7  8  9 10 11 12  7 * 2 = 14
       7  8  9 10 11 12  6 * 3 = 18
          8  9 10 11 12  5 * 4 = 20
             9 10 11 12  4 * 5 = 20
               10 11 12  3 * 6 = 18
 


a: 1 10
b: a 8
c: 5 a 

c:

5                = 1 
5  6             = 2
5  6  7          = 3
5  6  7  8       = 4
5  6  7  8  9    = 5 
5  6  7  8  9 10 = 6


b:
 5  6  7  8  4 * 1 = 4 
    6  7  8  3 * 2 = 6
       7  8  2 * 3 = 6
          8  1 * 4 = 4


a: 1 10
b: 7 a
c: 5 a 

a=7  7         = 1
a=8  7 8       = 2
a=9  7 8 9     = 3
a=10 7 8 9 10  = 4

a=7  5 6 7         = 3*1 = 3
a=8  5 6 7 8       = 4*2 = 8
a=9  5 6 7 8 9     = 5*3 = 15
a=10 5 6 7 8 9 10  = 6*4 = 24



a: 1 10 // 1 .. 10
b: a 12 // max(5,a) .. 12
c: 5  b

b:
a=1   5  6  7  8  9 10 11 12 = 8
a=2   5  6  7  8  9 10 11 12 = 8
a=3   5  6  7  8  9 10 11 12 = 8
a=4   5  6  7  8  9 10 11 12 = 8
a=5   5  6  7  8  9 10 11 12 = 8
a=6      6  7  8  9 10 11 12 = 7
a=7         7  8  9 10 11 12 = 6
a=8            8  9 10 11 12 = 5
a=9               9 10 11 12 = 4
a=10                10 11 12 = 3
      5  6  7  8  9 10 10 10

c:
b=5   5                  = 1*5  = 5
b=6   5 6                = 2*6  = 12
b=7   5 6 7              = 3*7  = 21
b=8   5 6 7 8            = 4*8  = 32
b=9   5 6 7 8 9          = 5*9  = 45
b=10  5 6 7 8 9 10       = 6*10 = 60
b=11  5 6 7 8 9 10 11    = 7*10 = 70
b=12  5 6 7 8 9 10 11 12 = 8*10 = 80
      8 7 6 5 4  3  2  1         325

a: 1 10
b: a 12
c: 5 a 
d: b 7 

a:
a: 1  2  3  4| 5  6  7| 8  9  10
   1  1  1  1| 1  1  1| 1  1   1 = 10

b:
a=1   1  2  3  4  5  6  7  8  9 10 11 12 = 8*0 = 0
a=2      2  3  4  5  6  7  8  9 10 11 12 = 8*0 = 0
a=3         3  4  5  6  7  8  9 10 11 12 = 8*0 = 0
a=4            4  5  6  7  8  9 10 11 12 = 8*0 = 0
a=5               5  6  7  8  9 10 11 12 = 8*1 = 8
a=6                  6  7  8  9 10 11 12 = 7*2 = 14
a=7                     7  8  9 10 11 12 = 6*3 = 18
a=8                        8  9 10 11 12 = 5*4 = 20
a=9                           9 10 11 12 = 4*5 = 20
a=10                            10 11 12 = 3*6 = 18
      1  2  3  4  5  6  7  8  9 10 10 10

b*c:
b:    1  2  3  4| 5  6  7| 8  9 10 11 12 
a=1   0  0  0  0| 0  0  0| 0  0  0  0  0 = 8*0 = 0
a=2      0  0  0| 0  0  0| 0  0  0  0  0 = 8*0 = 0
a=3         0  0| 0  0  0| 0  0  0  0  0 = 8*0 = 0
a=4            0| 0  0  0| 0  0  0  0  0 = 8*0 = 0
--------------------------------------------------
a=5             | 1  1  1| 1  1  1  1  1 = 8*1 = 8
a=6             |    2  2| 2  2  2  2  2 = 7*2 = 14
a=7             |       3| 3  3  3  3  3 = 6*3 = 18
--------------------------------------------------
a=8             |        | 4  4  4  4  4 = 5*4 = 20
a=9             |        |    5  5  5  5 = 4*5 = 20
a=10            |        |       6  6  6 = 3*6 = 18
      0  0  0  0| 1  3  6|10 15 21 21 21

c:
      5  6  7  8  9 10 
a=1                    = 0
a=2                    = 0
a=3                    = 0
a=4                    = 0
--------------------------
a=5   1                = 1
a=6   1  1             = 2
a=7   1  1  1          = 3
--------------------------
a=8   1  1  1  1       = 4
a=9   1  1  1  1  1    = 5
a=10  1  1  1  1  1    = 6
      6  5  4  3  2  1
      
d*(b*c):
d:    1  2  3  4  5  6  7
b=1   0  0  0  0  0  0  0 = 7*0 = 0
b=2      0  0  0  0  0  0 = 6*0 = 0
b=3         0  0  0  0  0 = 5*0 = 0
b=4            0  0  0  0 = 4*0 = 0
b=5               1  1  1 = 3*1 = 3
b=6                  3  3 = 2*3 = 6
b=7                     6 = 1*6 = 6
                                15 

a b c d
5
5 5
5 5 5
5 5 5 5
5 5 5 6
5 5 5 7
5 6
5 6 5
5 6 5 6
5 6 5 7
5 7
5 7 5
5 7 5 7
6
6 6
6 6 5
6 6 5 6
6 6 5 7
6 6 6
6 6 6 6
6 6 6 7
6 7
6 7 5
6 7 5 7
6 7 6
6 7 6 7
7
7 7
7 7 5
7 7 5 7
7 7 6
7 7 6 7
7 7 7
7 7 7 7
-
----------------------------------------------  
a: 1 10 => max(1,c) .. min(10,b_max) => 5 .. 7
b: a 12 => a        .. min(12,d_max) => 5 .. 7
c: 5 a  => 5        .. a             => 5 .. 7
d: b 7                               => 5 .. 7


a/*: 5 6 7
     1 1 1
   
b/a: 5 6 7
  5: 1 1 1
  6:   1 1
  7:     1

c/a: 5 6 7
  5: 1     = 1
  6: 1 1   = 2
  7: 1 1 1 = 3

d/b: 5 6 7
  5: 1 1 1 = 3
  6:   1 1 = 2
  7:     1 = 1
  
b*d/a: 5 6 7 
    5: 3 2 1 = 6
    6:   2 1 = 3
    7:     1 = 1
    
a*(b*d): 5 6 7
         6 3 1

a*(b*d)*c: 5 6 7
           6 6 3 = 15
------------------------------------------
           
           
a: 1 10 
b: 7 a           
c: 5 a  5..10

c/a: 5  6  7  8  9 10
  5: 1                = 1
  6: 1  1             = 2
  7: 1  1  1          = 3
  8: 1  1  1  1       = 4
  9: 1  1  1  1  1    = 5
 10: 1  1  1  1  1  1 = 6
  
  
------------------------------------------
 
a: 1..10
b: a..12
c: 5..b

c/b: 5  6  7  8  9 10 11 12
  5: 1                      = 1
  6: 1  1                   = 2
  7: 1  1  1                = 3
  8: 1  1  1  1             = 4
  9: 1  1  1  1  1          = 5
 10: 1  1  1  1  1  1       = 6
 11: 1  1  1  1  1  1  1    = 7
 12: 1  1  1  1  1  1  1  1 = 8

b*c/a: 5  6  7  8  9 10:11 12
    1: 1  2  3  4  5  6: 7  8 = 36
    2: 1  2  3  4  5  6: 7  8 = 36
    3: 1  2  3  4  5  6: 7  8 = 36
    4: 1  2  3  4  5  6: 7  8 = 36
.......................:..........    
    5: 1  2  3  4  5  6: 7  8 = 36
    6:    2  3  4  5  6: 7  8 = 35   
    7:       3  4  5  6: 7  8 = 33
    8:          4  5  6: 7  8 = 30
    9:             5  6: 7  8 = 26
   10:                6: 7  8 = 21
     
 